0
0 -1.5 6 -17.8 44
1 -24.2 6 15 -11
2 5 6 35.3 -14.9
1
0 -1.373 6 -17.68 44
1 -24.03 6 14.97 -11
2 5.17 6 35.25 -14.9
2
0 -1.247 6 -17.56 44
1 -23.85 6 14.93 -11
2 5.34 6 35.21 -14.9
3
0 -1.12 6 -17.43 44
1 -23.68 6 14.9 -11
2 5.51 6 35.16 -14.9
4
0 -0.9938 6 -17.31 44
1 -23.51 6 14.87 -11
2 5.68 6 35.12 -14.9
5
0 -0.8672 6 -17.19 44
1 -23.34 6 14.83 -11
2 5.85 6 35.07 -14.9
6
0 -0.7407 6 -17.07 44
1 -23.16 6 14.8 -11
2 6.02 6 35.03 -14.9
7
0 -0.6141 6 -16.94 44
1 -22.99 6 14.76 -11
2 6.19 6 34.98 -14.9
8
0 -0.4876 6 -16.82 44
1 -22.82 6 14.73 -11
2 6.36 6 34.94 -14.9
9
0 -0.361 6 -16.7 44
1 -22.65 6 14.7 -11
2 6.53 6 34.89 -14.9
10
0 -0.2345 6 -16.58 44
1 -22.47 6 14.66 -11
2 6.7 6 34.85 -14.9
11
0 -0.1079 6 -16.46 44
1 -22.3 6 14.63 -11
2 6.87 6 34.8 -14.9
12
0 0.01863 6 -16.33 44
1 -22.13 6 14.6 -11
2 7.04 6 34.76 -14.9
13
0 0.1452 6 -16.21 44
1 -21.96 6 14.56 -11
2 7.21 6 34.71 -14.9
14
0 0.2717 6 -16.09 44
1 -21.78 6 14.53 -11
2 7.38 6 34.67 -14.9
15
0 0.3983 6 -15.97 44
1 -21.61 6 14.49 -11
2 7.55 6 34.62 -14.9
16
0 0.5248 6 -15.84 44
1 -21.44 6 14.46 -11
2 7.72 6 34.58 -14.9
17
0 0.6514 6 -15.72 44
1 -21.26 6 14.43 -11
2 7.89 6 34.53 -14.9
18
0 0.7779 6 -15.6 44
1 -21.09 6 14.39 -11
2 8.06 6 34.49 -14.9
19
0 0.9045 6 -15.48 44
1 -20.92 6 14.36 -11
2 8.23 6 34.44 -14.9
20
0 1.031 6 -15.36 44
1 -20.75 6 14.33 -11
2 8.4 6 34.39 -14.9
21
0 1.158 6 -15.23 44
1 -20.57 6 14.29 -11
2 8.57 6 34.35 -14.9
22
0 1.284 6 -15.11 44
1 -20.4 6 14.26 -11
2 8.74 6 34.3 -14.9
23
0 1.411 6 -14.99 44
1 -20.23 6 14.23 -11
2 8.91 6 34.26 -14.9
24
0 1.537 6 -14.87 44
1 -20.06 6 14.19 -11
2 9.08 6 34.21 -14.9
25
0 1.664 6 -14.74 44
1 -19.88 6 14.16 -11
2 9.25 6 34.17 -14.9
26
0 1.79 6 -14.62 44
1 -19.71 6 14.12 -11
2 9.42 6 34.12 -14.9
27
0 1.917 6 -14.5 44
1 -19.54 6 14.09 -11
2 9.59 6 34.08 -14.9
28
0 2.043 6 -14.38 44
1 -19.37 6 14.06 -11
2 9.76 6 34.03 -14.9
29
0 2.17 6 -14.26 44
1 -19.19 6 14.02 -11
2 9.93 6 33.99 -14.9
30
0 2.293 6 -14.13 90
1 -19.02 6 13.99 -11
2 10.1 6 33.94 -14.9
31
0 2.411 6 -14.01 90
1 -18.85 6 13.96 -11
2 10.27 6 33.9 -14.9
32
0 2.524 6 -13.87 90
1 -18.67 6 13.92 -11
2 10.44 6 33.85 -14.9
33
0 2.633 6 -13.74 90
1 -18.5 6 13.89 -11
2 10.61 6 33.81 -14.9
34
0 2.736 6 -13.6 90
1 -18.33 6 13.85 -11
2 10.78 6 33.76 -14.9
35
0 2.835 6 -13.46 90
1 -18.16 6 13.82 -11
2 10.95 6 33.72 -14.9
36
0 2.93 6 -13.31 90
1 -17.98 6 13.79 -11
2 11.12 6 33.67 -14.9
37
0 3.02 6 -13.16 90
1 -17.81 6 13.75 -11
2 11.29 6 33.63 -14.9
38
0 3.106 6 -13.01 90
1 -17.64 6 13.72 -11
2 11.46 6 33.58 -14.9
39
0 3.189 6 -12.86 90
1 -17.47 6 13.69 -11
2 11.63 6 33.53 -14.9
40
0 3.268 6 -12.71 90
1 -17.29 6 13.65 -11
2 11.8 6 33.49 -14.9
41
0 3.343 6 -12.55 90
1 -17.12 6 13.62 -11
2 11.97 6 33.44 -14.9
42
0 3.414 6 -12.4 90
1 -16.95 6 13.58 -11
2 12.14 6 33.4 -14.9
43
0 3.483 6 -12.24 90
1 -16.78 6 13.55 -11
2 12.31 6 33.35 -14.9
44
0 3.548 6 -12.08 90
1 -16.6 6 13.52 -11
2 12.48 6 33.31 -14.9
45
0 3.611 6 -11.92 90
1 -16.43 6 13.48 -11
2 12.65 6 33.26 -14.9
46
0 3.671 6 -11.75 89
1 -16.26 6 13.45 -11
2 12.82 6 33.22 -14.9
47
0 3.732 6 -11.58 86.8
1 -16.08 6 13.42 -11
2 12.99 6 33.17 -14.9
48
0 3.792 6 -11.41 84.6
1 -15.91 6 13.38 -11
2 13.16 6 33.13 -14.9
49
0 3.852 6 -11.22 82.2
1 -15.74 6 13.35 -11
2 13.33 6 33.08 -14.9
50
0 3.912 6 -11.03 79.7
1 -15.57 6 13.32 -11
2 13.5 6 33.04 -14.9
51
0 3.973 6 -10.83 77
1 -15.39 6 13.28 -11
2 13.67 6 32.99 -14.9
52
0 4.036 6 -10.63 74.3
1 -15.22 6 13.25 -11
2 13.84 6 32.95 -14.9
53
0 4.1 6 -10.42 71.4
1 -15.05 6 13.21 -11
2 14.01 6 32.9 -14.9
54
0 4.167 6 -10.2 68.5
1 -14.88 6 13.18 -11
2 14.18 6 32.86 -14.9
55
0 4.236 6 -9.984 65.6
1 -14.7 6 13.15 -11
2 14.35 6 32.81 -14.9
56
0 4.308 6 -9.761 62.6
1 -14.53 6 13.11 -11
2 14.52 6 32.77 -14.9
57
0 4.385 6 -9.535 59.6
1 -14.36 6 13.08 -11
2 14.69 6 32.72 -14.9
58
0 4.466 6 -9.307 56.6
1 -14.19 6 13.05 -11
2 14.86 6 32.67 -14.9
59
0 4.551 6 -9.077 53.6
1 -14.01 6 13.01 -11
2 15.03 6 32.63 -14.9
60
0 4.642 6 -8.848 50.7
1 -13.84 6 12.98 -11
2 15.2 6 32.58 -14.9
61
0 4.739 6 -8.618 47.8
1 -13.67 6 12.94 -11
2 15.37 6 32.54 -14.9
62
0 4.841 6 -8.391 45
1 -13.49 6 12.91 -11
2 15.54 6 32.49 -14.9
63
0 4.95 6 -8.166 42.3
1 -13.32 6 12.88 -11
2 15.71 6 32.45 -14.9
64
0 5.064 6 -7.943 41.6
1 -13.15 6 12.84 -11
2 15.88 6 32.4 -14.9
65
0 5.184 6 -7.724 41.5
1 -12.98 6 12.81 -11
2 16.05 6 32.36 -14.9
66
0 5.309 6 -7.507 41.4
1 -12.8 6 12.78 -11
2 16.22 6 32.31 -14.9
67
0 5.439 6 -7.294 41.3
1 -12.63 6 12.74 -11
2 16.39 6 32.27 -14.9
68
0 5.573 6 -7.083 41.2
1 -12.46 6 12.71 -11
2 16.56 6 32.22 -14.9
69
0 5.711 6 -6.874 41.2
1 -12.29 6 12.68 -11
2 16.73 6 32.18 -14.9
70
0 5.853 6 -6.668 41.1
1 -12.11 6 12.64 -11
2 16.9 6 32.13 -14.9
71
0 5.998 6 -6.465 41
1 -11.94 6 12.61 -11
2 17.07 6 32.09 -14.9
72
0 6.146 6 -6.264 41
1 -11.77 6 12.57 -11
2 17.24 6 32.04 -14.9
73
0 6.298 6 -6.065 40.9
1 -11.6 6 12.54 -11
2 17.41 6 32 -14.9
74
0 6.452 6 -5.868 40.9
1 -11.42 6 12.51 -11
2 17.58 6 31.95 -14.9
75
0 6.608 6 -5.673 40.8
1 -11.25 6 12.47 -11
2 17.74 6 31.91 -63.8
76
0 6.767 6 -5.48 40.8
1 -11.08 6 12.44 -11
2 17.9 6 31.85 -62.7
77
0 6.928 6 -5.289 40.7
1 -10.9 6 12.41 -11
2 18.06 6 31.79 -61.5
78
0 7.092 6 -5.1 40.7
1 -10.73 6 12.37 -11
2 18.22 6 31.73 -60.2
79
0 7.257 6 -4.912 40.6
1 -10.56 6 12.34 -11
2 18.39 6 31.65 -58.8
80
0 7.424 6 -4.726 40.6
1 -10.39 6 12.3 -11
2 18.55 6 31.57 -57.2
81
0 7.592 6 -4.541 40.6
1 -10.21 6 12.27 -11
2 18.72 6 31.49 -55.6
82
0 7.762 6 -4.357 40.5
1 -10.04 6 12.24 -11
2 18.89 6 31.39 -55.5
83
0 7.933 6 -4.175 40.5
1 -9.868 6 12.2 -11
2 19.05 6 31.3 -55.5
84
0 8.106 6 -3.995 40.5
1 -9.696 6 12.17 -11
2 19.21 6 31.2 -55.5
85
0 8.28 6 -3.815 40.4
1 -9.523 6 12.14 -11
2 19.37 6 31.1 -55.5
86
0 8.455 6 -3.637 40.4
1 -9.35 6 12.1 -11
2 19.53 6 30.99 -55.5
87
0 8.631 6 -3.459 40.4
1 -9.178 6 12.07 -11
2 19.68 6 30.88 -55.5
88
0 8.808 6 -3.283 40.4
1 -9.005 6 12.04 -11
2 19.83 6 30.77 -55.5
89
0 8.986 6 -3.107 40.3
1 -8.832 6 12 -11
2 19.98 6 30.66 -55.5
90
0 9.165 6 -2.933 40.3
1 -8.66 6 11.97 -11
2 20.13 6 30.54 -55.5
91
0 9.345 6 -2.759 40.3
1 -8.487 6 11.93 -11
2 20.28 6 30.42 -55.5
92
0 9.525 6 -2.586 40.3
1 -8.314 6 11.9 -11
2 20.42 6 30.3 -55.5
93
0 9.707 6 -2.414 40.3
1 -8.142 6 11.87 -11
2 20.47 6 30.26 -90
94
0 9.888 6 -2.242 40.2
1 -7.969 6 11.83 -11
2 20.51 6 30.22 -90
95
0 10.07 6 -2.071 40.2
1 -7.796 6 11.8 -11
2 20.56 6 30.18 -90
96
0 10.25 6 -1.901 40.2
1 -7.624 6 11.77 -11
2 20.6 6 30.14 -90
97
0 10.44 6 -1.731 40.2
1 -7.451 6 11.73 -11
2 20.64 6 30.1 -90
98
0 10.62 6 -1.562 40.2
1 -7.278 6 11.7 -11
2 20.69 6 30.05 -90
99
0 10.81 6 -1.393 40.2
1 -7.106 6 11.66 -11
2 20.73 6 30.01 -90
100
0 10.99 6 -1.225 40.2
1 -6.933 6 11.63 -11
2 20.77 6 29.97 -90
101
0 11.18 6 -1.057 40.2
1 -6.76 6 11.6 -11
2 20.9 6 29.83 -55.5
102
0 11.36 6 -0.8901 40.1
1 -6.588 6 11.56 -11
2 21.02 6 29.69 -55.5
103
0 11.55 6 -0.7232 40.1
1 -6.415 6 11.53 -11
2 21.15 6 29.56 -55.5
104
0 11.73 6 -0.5567 40.1
1 -6.242 6 11.5 -11
2 21.27 6 29.42 -55.5
105
0 11.92 6 -0.3905 40.1
1 -6.07 6 11.46 -11
2 21.4 6 29.28 -55.5
106
0 12.11 6 -0.2247 40.1
1 -5.897 6 11.43 -11
2 21.52 6 29.14 -55.5
107
0 12.3 6 -0.0592 40.1
1 -5.724 6 11.4 -11
2 21.64 6 29 -55.5
108
0 12.48 6 0.106 40.1
1 -5.552 6 11.36 -11
2 21.76 6 28.86 -55.5
109
0 12.67 6 0.2709 40.1
1 -5.379 6 11.33 -11
2 21.88 6 28.72 -55.5
110
0 12.86 6 0.4356 40.1
1 -5.206 6 11.29 -11
2 22 6 28.58 -55.5
111
0 13.05 6 0.6 40.1
1 -5.034 6 11.26 -11
2 22.11 6 28.43 -55.5
112
0 13.24 6 0.7642 40.1
1 -4.861 6 11.23 -11
2 22.23 6 28.29 -55.5
113
0 13.43 6 0.9282 40.1
1 -4.688 6 11.19 -11
2 22.34 6 28.15 -55.5
114
0 13.61 6 1.092 40.1
1 -4.516 6 11.16 -11
2 22.46 6 28.01 -55.5
115
0 13.8 6 1.256 40.1
1 -4.343 6 11.13 -11
2 22.62 6 27.82 -12.4
116
0 13.99 6 1.419 40
1 -4.17 6 11.09 -11
2 22.79 6 27.63 -12.3
117
0 14.18 6 1.582 40
1 -3.998 6 11.06 -11
2 22.97 6 27.45 -12.2
118
0 14.37 6 1.745 40
1 -3.825 6 11.02 -11
2 23.15 6 27.29 -12
119
0 14.56 6 1.908 40
1 -3.652 6 10.99 -11
2 23.34 6 27.12 -11.9
120
0 14.75 6 2.071 40
1 -3.48 6 10.96 -11
2 23.54 6 26.97 -11.8
121
0 14.94 6 2.234 40
1 -3.307 6 10.92 -11
2 23.74 6 26.82 -11.7
122
0 15.13 6 2.396 40
1 -3.134 6 10.89 -11
2 23.94 6 26.67 -11.6
123
0 15.32 6 2.559 40
1 -2.962 6 10.86 -11
2 24.15 6 26.54 -11.5
124
0 15.51 6 2.721 40
1 -2.789 6 10.82 -11
2 24.36 6 26.4 -11.4
125
0 15.65 6 2.834 40
1 -2.616 6 10.79 -11
2 24.58 6 26.28 -11.3
126
0 15.78 6 2.947 40
1 -2.444 6 10.75 -11
2 24.8 6 26.16 -11.2
127
0 15.91 6 3.06 40
1 -2.271 6 10.72 -11
2 25.02 6 26.04 -11.1
128
0 16.05 6 3.173 40
1 -2.098 6 10.69 -11
2 25.24 6 25.93 -11.1
129
0 16.18 6 3.287 40
1 -1.926 6 10.65 -11
2 25.46 6 25.82 -11
130
0 16.32 6 3.4 40
1 -1.753 6 10.62 -11
2 25.69 6 25.71 -10.9
131
0 16.45 6 3.513 40
1 -1.58 6 10.59 -11
2 25.92 6 25.61 -10.9
132
0 16.59 6 3.626 40
1 -1.408 6 10.55 -11
2 26.15 6 25.51 -10.8
133
0 16.72 6 3.739 40
1 -1.235 6 10.52 -11
2 26.38 6 25.42 -10.7
134
0 16.86 6 3.852 40
1 -1.062 6 10.49 -11
2 26.61 6 25.33 -10.7
135
0 16.99 6 3.965 40
1 -0.8896 6 10.45 -11
2 26.85 6 25.24 -10.6
136
0 17.13 6 4.078 40
1 -0.7169 6 10.42 -11
2 27.08 6 25.15 -10.6
137
0 17.26 6 4.192 40
1 -0.5442 6 10.38 -11
2 27.32 6 25.07 -10.6
138
0 17.4 6 4.305 40
1 -0.3716 6 10.35 -11
2 27.56 6 24.99 -10.5
139
0 17.53 6 4.418 40
1 -0.1989 6 10.32 -11
2 27.79 6 24.91 -10.5
140
0 17.67 6 4.531 40
1 -0.02622 6 10.28 -11
2 28.03 6 24.83 -10.4
141
0 17.8 6 4.644 40
1 0.1464 6 10.25 -11
2 28.27 6 24.76 -10.4
142
0 17.94 6 4.757 40
1 0.3191 6 10.22 -11
2 28.51 6 24.69 -10.4
143
0 18.07 6 4.87 40
1 0.4918 6 10.18 -11
2 28.75 6 24.62 -10.3
144
0 18.21 6 4.983 40
1 0.6645 6 10.15 -11
2 28.99 6 24.55 -10.3
145
0 18.34 6 5.097 40
1 0.8371 6 10.11 -11
2 29.23 6 24.48 -10.3
146
0 18.47 6 5.21 40
1 1.01 6 10.08 -11
2 29.47 6 24.42 -10.3
147
0 18.61 6 5.323 40
1 1.182 6 10.05 -11
2 29.71 6 24.35 -10.2
148
0 18.74 6 5.436 40
1 1.355 6 10.01 -11
2 29.95 6 24.29 -10.2
149
0 18.88 6 5.549 40
1 1.528 6 9.98 -11
2 30.2 6 24.23 -10.2
150
0 19.01 6 5.662 40
1 1.7 6 9.946 -11
2 30.44 6 24.17 -10.2
151
0 19.15 6 5.775 40
1 1.873 6 9.913 -11
2 30.68 6 24.11 -10.2
152
0 19.28 6 5.888 40
1 2.046 6 9.879 -11
2 30.93 6 24.05 -10.1
153
0 19.42 6 6.002 40
1 2.218 6 9.845 -11
2 31.17 6 23.99 -10.1
154
0 19.55 6 6.115 40
1 2.391 6 9.812 -11
2 31.41 6 23.93 -10.1
155
0 19.69 6 6.228 40
1 2.564 6 9.778 -11
2 31.66 6 23.88 -10.1
156
0 19.82 6 6.341 40
1 2.736 6 9.744 -11
2 31.9 6 23.82 -10.1
157
0 19.96 6 6.454 40
1 2.909 6 9.71 -11
2 32.14 6 23.77 -10.1
158
0 20.09 6 6.567 40
1 3.082 6 9.677 -11
2 32.39 6 23.72 -10
159
0 20.23 6 6.68 40
1 3.255 6 9.643 -11
2 32.63 6 23.66 -10
160
0 20.36 6 6.793 40
1 3.427 6 9.609 -11
2 32.88 6 23.61 -10
161
0 20.5 6 6.907 40
1 3.6 6 9.576 -11
2 33.12 6 23.56 -10
162
0 20.63 6 7.02 40
1 3.773 6 9.542 -11
2 33.37 6 23.51 -10
163
0 20.77 6 7.133 40
1 3.945 6 9.508 -11
2 33.61 6 23.46 -10
164
0 20.9 6 7.246 40
1 4.118 6 9.475 -11
2 33.86 6 23.41 -9.99
165
0 21.03 6 7.359 40
1 4.291 6 9.441 -11
2 34.1 6 23.36 -9.98
166
0 21.17 6 7.472 40
1 4.463 6 9.407 -11
2 34.35 6 23.31 -9.97
167
0 21.3 6 7.585 40
1 4.636 6 9.374 -11
2 34.59 6 23.26 -9.96
168
0 21.44 6 7.698 40
1 4.809 6 9.34 -11
2 34.84 6 23.21 -9.96
169
0 21.57 6 7.812 40
1 4.981 6 9.306 -11
2 35.08 6 23.16 -9.95
170
0 21.71 6 7.925 40
1 5.154 6 9.272 -11
2 35.33 6 23.11 -9.94
171
0 21.84 6 8.038 40
1 5.327 6 9.239 -11
2 35.57 6 23.07 -9.94
172
0 21.98 6 8.151 40
1 5.499 6 9.205 -11
2 35.82 6 23.02 -9.93
173
0 22.11 6 8.264 40
1 5.672 6 9.171 -11
2 36.06 6 22.97 -9.93
174
0 22.25 6 8.377 40
1 5.845 6 9.138 -11
2 36.31 6 22.93 -9.92
175
0 22.38 6 8.49 40
1 6.017 6 9.104 -11
2 36.55 6 22.88 -9.92
176
0 22.52 6 8.603 40
1 6.19 6 9.07 -11
2 36.8 6 22.83 -9.91
177
0 22.65 6 8.717 40
1 6.363 6 9.037 -11
2 37.05 6 22.79 -9.91
178
0 22.79 6 8.83 40
1 6.535 6 9.003 -11
2 37.29 6 22.74 -9.9
179
0 22.92 6 8.943 40
1 6.708 6 8.969 -11
2 37.54 6 22.7 -9.9
180
0 23.06 6 9.056 40
1 6.881 6 8.936 -11
2 37.78 6 22.65 -9.9
181
0 23.19 6 9.169 40
1 7.053 6 8.902 -11
2 38.03 6 22.61 -9.89
182
0 23.32 6 9.282 40
1 7.226 6 8.868 -11
2 38.28 6 22.56 -9.89
183
0 23.46 6 9.395 40
1 7.399 6 8.834 -11
2 38.52 6 22.52 -9.89
184
0 23.59 6 9.508 40
1 7.571 6 8.801 -11
2 38.69 6 22.49 -9.89
185
0 23.73 6 9.622 40
1 7.744 6 8.767 -11
2 38.87 6 22.46 -9.89
186
0 23.86 6 9.735 40
1 7.917 6 8.733 -11
2 39.04 6 22.42 -9.89
187
0 24 6 9.848 40
1 8.089 6 8.7 -11
2 39.21 6 22.39 -9.89
188
0 24.13 6 9.961 40
1 8.262 6 8.666 -11
2 39.39 6 22.36 -9.89
189
0 24.27 6 10.07 40
1 8.435 6 8.632 -11
2 39.56 6 22.33 -9.89
190
0 24.4 6 10.19 40
1 8.607 6 8.599 -11
2 39.73 6 22.3 -9.89
191
0 24.54 6 10.3 40
1 8.78 6 8.565 -11
2 39.91 6 22.27 -9.89
192
0 24.67 6 10.41 40
1 8.953 6 8.531 -11
2 40.08 6 22.24 -9.89
193
0 24.81 6 10.53 40
1 9.125 6 8.498 -11
2 40.25 6 22.21 -9.89
194
0 24.94 6 10.64 40
1 9.298 6 8.464 -11
2 40.43 6 22.18 -9.89
195
0 25.08 6 10.75 40
1 9.471 6 8.43 -11
2 40.6 6 22.15 -9.89
196
0 25.21 6 10.87 40
1 9.643 6 8.396 -11
2 40.77 6 22.12 -9.89
197
0 25.35 6 10.98 40
1 9.816 6 8.363 -11
2 40.95 6 22.09 -9.89
198
0 25.48 6 11.09 40
1 9.989 6 8.329 -11
2 41.12 6 22.06 -9.89
199
0 25.62 6 11.21 40
1 10.16 6 8.295 -11
2 41.29 6 22.03 -9.89
200
0 25.75 6 11.32 40
1 10.33 6 8.262 -11
2 41.47 6 22 -9.89
201
0 25.88 6 11.43 40
1 10.51 6 8.228 -11
2 41.64 6 21.97 -9.89
202
0 26.02 6 11.54 40
1 10.68 6 8.194 -11
2 41.81 6 21.94 -9.89
203
0 26.15 6 11.66 40
1 10.85 6 8.161 -11
2 41.99 6 21.91 -9.89
204
0 26.29 6 11.77 40
1 11.02 6 8.127 -11
2 42.16 6 21.88 -9.89
205
0 26.42 6 11.88 40
1 11.2 6 8.093 -11
2 42.33 6 21.85 -9.89
206
0 26.56 6 12 40
1 11.37 6 8.06 -11
2 42.51 6 21.82 -9.89
207
0 26.69 6 12.11 40
1 11.54 6 8.026 -11
2 42.68 6 21.79 -9.89
208
0 26.83 6 12.22 40
1 11.72 6 7.992 -11
2 42.85 6 21.76 -9.89
209
0 26.96 6 12.34 40
1 11.89 6 7.958 -11
2 43.03 6 21.73 -9.89
210
0 27.1 6 12.45 40
1 12.06 6 7.925 -11
2 43.2 6 21.7 -9.89
211
0 27.23 6 12.56 40
1 12.23 6 7.891 -11
2 43.37 6 21.67 -9.89
212
0 27.37 6 12.68 40
1 12.41 6 7.857 -11
2 43.55 6 21.64 -9.89
213
0 27.5 6 12.79 40
1 12.58 6 7.824 -11
2 43.72 6 21.61 -9.89
214
0 27.64 6 12.9 40
1 12.75 6 7.79 -11
2 43.89 6 21.58 -9.89
215
0 27.77 6 13.02 40
1 12.92 6 7.756 -11
2 44.07 6 21.55 -9.89
216
0 27.91 6 13.13 40
1 13.1 6 7.723 -11
2 44.24 6 21.52 -9.89
217
0 28.04 6 13.24 40
1 13.27 6 7.689 -11
2 44.41 6 21.49 -9.89
218
0 28.18 6 13.35 40
1 13.44 6 7.655 -11
2 44.59 6 21.46 -9.89
219
0 28.31 6 13.47 40
1 13.61 6 7.622 -11
2 44.76 6 21.43 -9.89
220
0 28.44 6 13.58 40
1 13.79 6 7.588 -11
2 44.93 6 21.4 -9.89
221
0 28.58 6 13.69 40
1 13.96 6 7.554 -11
2 45.11 6 21.37 -9.89
222
0 28.71 6 13.81 40
1 14.13 6 7.521 -11
2 45.28 6 21.34 -9.89
223
0 28.85 6 13.92 40
1 14.31 6 7.487 -11
2 45.45 6 21.31 -9.89
224
0 28.98 6 14.03 40
1 14.48 6 7.453 -11
2 45.63 6 21.28 -9.89
225
0 29.12 6 14.15 40
1 14.65 6 7.419 -11
2 45.8 6 21.25 -9.89
226
0 29.25 6 14.26 40
1 14.82 6 7.386 -11
2 45.97 6 21.22 -9.89
227
0 29.39 6 14.37 40
1 15 6 7.352 -11
2 46.15 6 21.19 -9.89
228
0 29.52 6 14.49 40
1 15.17 6 7.318 -11
2 46.32 6 21.16 -9.89
229
0 29.66 6 14.6 40
1 15.34 6 7.285 -11
2 46.49 6 21.13 -9.89
230
0 29.79 6 14.71 40
1 15.51 6 7.251 -11
2 46.67 6 21.1 -9.89
231
0 29.93 6 14.83 40
1 15.69 6 7.217 -11
2 46.84 6 21.07 -9.89
232
0 30.06 6 14.94 40
1 15.86 6 7.184 -11
2 47.01 6 21.04 -9.89
233
0 30.2 6 15.05 40
1 16.03 6 7.15 -11
2 47.19 6 21.01 -9.89
234
0 30.33 6 15.16 40
1 16.2 6 7.116 -11
2 47.36 6 20.98 -9.89
235
0 30.47 6 15.28 40
1 16.38 6 7.083 -11
2 47.53 6 20.94 -9.89
236
0 30.6 6 15.39 40
1 16.55 6 7.049 -11
2 47.71 6 20.91 -9.89
237
0 30.74 6 15.5 40
1 16.72 6 7.015 -11
2 47.88 6 20.88 -9.89
238
0 30.87 6 15.62 40
1 16.9 6 6.981 -11
2 48.05 6 20.85 -9.89
239
0 31 6 15.73 40
1 17.07 6 6.948 -11
2 48.23 6 20.82 -9.89
240
0 31.14 6 15.84 40
1 17.24 6 6.914 -11
2 48.4 6 20.79 -9.89
241
0 31.27 6 15.96 40
1 17.41 6 6.88 -11
2 48.57 6 20.76 -9.89
242
0 31.41 6 16.07 40
1 17.59 6 6.847 -11
2 48.75 6 20.73 -9.89
243
0 31.54 6 16.18 40
1 17.76 6 6.813 -11
2 48.92 6 20.7 -9.89
244
0 31.68 6 16.3 40
1 17.93 6 6.779 -11
2 49.09 6 20.67 -9.89
245
0 31.81 6 16.41 40
1 18.1 6 6.746 -11
2 49.27 6 20.64 -9.89
246
0 31.95 6 16.52 40
1 18.28 6 6.712 -11
2 49.44 6 20.61 -9.89
247
0 32.08 6 16.64 40
1 18.45 6 6.678 -11
2 49.61 6 20.58 -9.89
248
0 32.22 6 16.75 40
1 18.62 6 6.645 -11
2 49.79 6 20.55 -9.89
249
0 32.35 6 16.86 40
1 18.79 6 6.611 -11
2 49.96 6 20.52 -9.89
250
0 32.49 6 16.97 40
1 18.97 6 6.577 -11
2 50.13 6 20.49 -9.89
251
0 32.62 6 17.09 40
1 19.14 6 6.543 -11
2 50.31 6 20.46 -9.89
252
0 32.76 6 17.2 40
1 19.31 6 6.51 -11
2 50.48 6 20.43 -9.89
253
0 32.89 6 17.31 40
1 19.49 6 6.476 -11
2 50.65 6 20.4 -9.89
254
0 33.03 6 17.43 40
1 19.66 6 6.442 -11
2 50.83 6 20.37 -9.89
255
0 33.16 6 17.54 40
1 19.83 6 6.409 -11
2 51 6 20.34 -9.89
256
0 33.3 6 17.65 40
1 20 6 6.375 -11
2 51.17 6 20.31 -9.89
257
0 33.43 6 17.77 40
1 20.18 6 6.341 -11
2 51.35 6 20.28 -9.89
258
0 33.56 6 17.88 40
1 20.35 6 6.308 -11
2 51.52 6 20.25 -9.89
259
0 33.7 6 17.99 40
1 20.52 6 6.274 -11
2 51.69 6 20.22 -9.89
260
0 33.83 6 18.11 40
1 20.69 6 6.24 -11
2 51.87 6 20.19 -9.89
261
0 33.97 6 18.22 40
1 20.87 6 6.207 -11
2 52.04 6 20.16 -9.89
262
0 34.1 6 18.33 40
1 21.04 6 6.173 -11
2 52.21 6 20.13 -9.89
263
0 34.24 6 18.45 40
1 21.21 6 6.139 -11
2 52.39 6 20.1 -9.89
264
0 34.37 6 18.56 40
1 21.38 6 6.105 -11
2 52.56 6 20.07 -9.89
265
0 34.51 6 18.67 40
1 21.56 6 6.072 -11
2 52.73 6 20.04 -9.89
266
0 34.64 6 18.78 40
1 21.73 6 6.038 -11
2 52.91 6 20.01 -9.89
267
0 34.78 6 18.9 40
1 21.9 6 6.004 -11
2 53.08 6 19.98 -9.89
268
0 34.91 6 19.01 40
1 22.08 6 5.971 -11
2 53.25 6 19.95 -9.89
269
0 35.05 6 19.12 40
1 22.25 6 5.937 -11
2 53.43 6 19.92 -9.89
270
0 35.18 6 19.24 40
1 22.42 6 5.903 -11
2 53.6 6 19.89 -9.89
271
0 35.32 6 19.35 40
1 22.59 6 5.87 -11
2 53.77 6 19.86 -9.89
272
0 35.45 6 19.46 40
1 22.77 6 5.836 -11
2 53.95 6 19.83 -9.89
273
0 35.59 6 19.58 40
1 22.94 6 5.802 -11
2 54.12 6 19.8 -9.89
274
0 35.72 6 19.69 40
1 23.11 6 5.769 -11
2 54.29 6 19.77 -9.89
275
0 35.85 6 19.8 40
1 23.28 6 5.735 -11
2 54.47 6 19.74 -9.89
276
0 35.99 6 19.92 40
1 23.46 6 5.701 -11
2 54.64 6 19.71 -9.89
277
0 36.12 6 20.03 40
1 23.63 6 5.667 -11
2 54.81 6 19.68 -9.89
278
0 36.26 6 20.14 40
1 23.8 6 5.634 -11
2 54.99 6 19.65 -9.89
279
0 36.39 6 20.26 40
1 23.97 6 5.6 -11
2 55.16 6 19.62 -9.89
280
0 36.53 6 20.37 40
1 24.15 6 5.566 -11
2 55.33 6 19.59 -9.89
281
0 36.66 6 20.48 40
1 24.32 6 5.533 -11
2 55.51 6 19.56 -9.89
282
0 36.8 6 20.59 40
1 24.49 6 5.499 -11
2 55.68 6 19.53 -9.89
283
0 36.93 6 20.71 40
1 24.67 6 5.465 -11
2 55.85 6 19.5 -9.89
284
0 37.07 6 20.82 40
1 24.84 6 5.432 -11
2 56.03 6 19.47 -9.89
285
0 37.2 6 20.93 40
1 25.01 6 5.398 -11
2 56.2 6 19.43 -9.89
286
0 37.34 6 21.05 40
1 25.18 6 5.364 -11
2 56.37 6 19.4 -9.89
287
0 37.47 6 21.16 40
1 25.36 6 5.331 -11
2 56.55 6 19.37 -9.89
288
0 37.61 6 21.27 40
1 25.53 6 5.297 -11
2 56.72 6 19.34 -9.89
289
0 37.74 6 21.39 40
1 25.7 6 5.263 -11
2 56.89 6 19.31 -9.89
290
0 37.88 6 21.5 40
1 25.87 6 5.229 -11
2 57.07 6 19.28 -9.89
291
0 38.01 6 21.61 40
1 26.05 6 5.196 -11
2 57.24 6 19.25 -9.89
292
0 38.15 6 21.73 40
1 26.22 6 5.162 -11
2 57.41 6 19.22 -9.89
293
0 38.28 6 21.84 40
1 26.39 6 5.128 -11
2 57.59 6 19.19 -9.89
294
0 38.41 6 21.95 40
1 26.56 6 5.095 -11
2 57.76 6 19.16 -9.89
295
0 38.55 6 22.07 40
1 26.74 6 5.061 -11
2 57.93 6 19.13 -9.89
296
0 38.68 6 22.18 40
1 26.91 6 5.027 -11
2 58.11 6 19.1 -9.89
297
0 38.82 6 22.29 40
1 27.08 6 4.994 -11
2 58.28 6 19.07 -9.89
298
0 38.95 6 22.4 40
1 27.26 6 4.96 -11
2 58.45 6 19.04 -9.89
299
0 39.09 6 22.52 40
1 27.43 6 4.926 -11
2 58.63 6 19.01 -9.89
300
0 39.22 6 22.63 40
1 27.6 6 4.893 -11
2 58.8 6 18.98 -9.89
301
0 39.36 6 22.74 40
1 27.77 6 4.859 -11
2 58.97 6 18.95 -9.89
302
0 39.49 6 22.86 40
1 27.95 6 4.825 -11
2 59.15 6 18.92 -9.89
303
0 39.63 6 22.97 40
1 28.12 6 4.791 -11
2 59.32 6 18.89 -9.89
304
0 39.76 6 23.08 40
1 28.29 6 4.758 -11
2 59.49 6 18.86 -9.89
305
0 39.9 6 23.2 40
1 28.46 6 4.724 -11
2 59.67 6 18.83 -9.89
306
0 40.03 6 23.31 40
1 28.64 6 4.69 -11
2 59.84 6 18.8 -9.89
307
0 40.17 6 23.42 40
1 28.81 6 4.657 -11
2 60.01 6 18.77 -9.89
308
0 40.3 6 23.54 40
1 28.98 6 4.623 -11
2 60.19 6 18.74 -9.89
309
0 40.44 6 23.65 40
1 29.15 6 4.589 -11
2 60.36 6 18.71 -9.89
310
0 40.57 6 23.76 40
1 29.33 6 4.556 -11
2 60.53 6 18.68 -9.89
311
0 40.71 6 23.88 40
1 29.5 6 4.522 -11
2 60.71 6 18.65 -9.89
312
0 40.84 6 23.99 40
1 29.67 6 4.488 -11
2 60.88 6 18.62 -9.89
313
0 40.97 6 24.1 40
1 29.85 6 4.455 -11
2 61.05 6 18.59 -9.89
314
0 41.11 6 24.21 40
1 30.02 6 4.421 -11
2 61.23 6 18.56 -9.89
315
0 41.24 6 24.33 40
1 30.19 6 4.387 -11
2 61.4 6 18.53 -9.89
316
0 41.38 6 24.44 40
1 30.36 6 4.353 -11
2 61.57 6 18.5 -9.89
317
0 41.51 6 24.55 40
1 30.54 6 4.32 -11
2 61.75 6 18.47 -9.89
318
0 41.65 6 24.67 40
1 30.71 6 4.286 -11
2 61.92 6 18.44 -9.89
319
0 41.78 6 24.78 40
1 30.88 6 4.252 -11
2 62.09 6 18.41 -9.89
320
0 41.92 6 24.89 40
1 31.05 6 4.219 -11
2 62.27 6 18.38 -9.89
321
0 42.05 6 25.01 40
1 31.23 6 4.185 -11
2 62.44 6 18.35 -9.89
322
0 42.19 6 25.12 40
1 31.4 6 4.151 -11
2 62.61 6 18.32 -9.89
323
0 42.32 6 25.23 40
1 31.57 6 4.118 -11
2 62.79 6 18.29 -9.89
324
0 42.46 6 25.35 40
1 31.75 6 4.084 -11
2 62.96 6 18.26 -9.89
325
0 42.59 6 25.46 40
1 31.92 6 4.05 -11
2 63.13 6 18.23 -9.89
326
0 42.73 6 25.57 40
1 32.09 6 4.017 -11
2 63.31 6 18.2 -9.89
327
0 42.86 6 25.69 40
1 32.26 6 3.983 -11
2 63.48 6 18.17 -9.89
328
0 43 6 25.8 40
1 32.44 6 3.949 -11
2 63.65 6 18.14 -9.89
329
0 43.13 6 25.91 40
1 32.61 6 3.915 -11
2 63.83 6 18.11 -9.89
330
0 43.27 6 26.02 40
1 32.78 6 3.882 -11
2 64 6 18.08 -9.89
331
0 43.4 6 26.14 40
1 32.95 6 3.848 -11
2 64.17 6 18.05 -9.89
332
0 43.53 6 26.25 40
1 33.13 6 3.814 -11
2 64.34 6 18.02 -9.89
333
0 43.67 6 26.36 40
1 33.3 6 3.781 -11
2 64.52 6 17.99 -9.89
334
0 43.8 6 26.48 40
1 33.47 6 3.747 -11
2 64.69 6 17.95 -9.89
335
0 43.94 6 26.59 40
1 33.64 6 3.713 -11
2 64.86 6 17.92 -9.89
336
0 44.07 6 26.7 40
1 33.82 6 3.68 -11
2 65.04 6 17.89 -9.89
337
0 44.21 6 26.82 40
1 33.99 6 3.646 -11
2 65.21 6 17.86 -9.89
338
0 44.34 6 26.93 40
1 34.16 6 3.612 -11
2 65.38 6 17.83 -9.89
339
0 44.48 6 27.04 40
1 34.34 6 3.579 -11
2 65.56 6 17.8 -9.89
340
0 44.61 6 27.16 40
1 34.51 6 3.545 -11
2 65.73 6 17.77 -9.89
341
0 44.75 6 27.27 40
1 34.68 6 3.511 -11
2 65.9 6 17.74 -9.89
342
0 44.88 6 27.38 40
1 34.85 6 3.477 -11
2 66.08 6 17.71 -9.89
343
0 45.02 6 27.5 40
1 35.03 6 3.444 -11
2 66.25 6 17.68 -9.89
344
0 45.15 6 27.61 40
1 35.2 6 3.41 -11
2 66.42 6 17.65 -9.89
345
0 45.29 6 27.72 40
1 35.37 6 3.376 -11
2 66.6 6 17.62 -9.89
346
0 45.42 6 27.83 40
1 35.54 6 3.343 -11
2 66.77 6 17.59 -9.89
347
0 45.56 6 27.95 40
1 35.72 6 3.309 -11
2 66.94 6 17.56 -9.89
348
0 45.69 6 28.06 40
1 35.89 6 3.275 -11
2 67.12 6 17.53 -9.89
349
0 45.83 6 28.17 40
1 36.06 6 3.242 -11
2 67.29 6 17.5 -9.89
350
0 45.96 6 28.29 40
1 36.23 6 3.208 -11
2 67.46 6 17.47 -9.89
351
0 46.09 6 28.4 40
1 36.41 6 3.174 -11
2 67.64 6 17.44 -9.89
352
0 46.23 6 28.51 40
1 36.58 6 3.141 -11
2 67.81 6 17.41 -9.89
353
0 46.36 6 28.63 40
1 36.75 6 3.107 -11
2 67.98 6 17.38 -9.89
354
0 46.5 6 28.74 40
1 36.93 6 3.073 -11
2 68.16 6 17.35 -9.89
355
0 46.63 6 28.85 40
1 37.1 6 3.039 -11
2 68.33 6 17.32 -9.89
356
0 46.77 6 28.97 40
1 37.27 6 3.006 -11
2 68.5 6 17.29 -9.89
357
0 46.9 6 29.08 40
1 37.44 6 2.972 -11
2 68.68 6 17.26 -9.89
358
0 47.04 6 29.19 40
1 37.62 6 2.938 -11
2 68.85 6 17.23 -9.89
359
0 47.17 6 29.31 40
1 37.79 6 2.905 -11
2 69.02 6 17.2 -9.89
360
0 47.31 6 29.42 40
1 37.96 6 2.871 -11
2 69.2 6 17.17 -9.89
361
0 47.44 6 29.53 40
1 38.13 6 2.837 -11
2 69.37 6 17.14 -9.89
362
0 47.44 6 29.53 40
1 38.31 6 2.804 -11
2 69.54 6 17.11 -9.89
363
0 47.44 6 29.53 40
1 38.48 6 2.77 -11
2 69.72 6 17.08 -9.89
364
0 47.44 6 29.53 40
1 38.65 6 2.736 -11
2 69.89 6 17.05 -9.89
365
0 47.44 6 29.53 40
1 38.82 6 2.703 -11
2 70.06 6 17.02 -9.89
366
0 47.44 6 29.53 40
1 39 6 2.669 -11
2 70.24 6 16.99 -9.89
367
0 47.44 6 29.53 40
1 39.17 6 2.635 -11
2 70.41 6 16.96 -9.89
368
0 47.44 6 29.53 40
1 39.34 6 2.601 -11
2 70.58 6 16.93 -9.89
369
0 47.44 6 29.53 40
1 39.52 6 2.568 -11
2 70.76 6 16.9 -9.89
370
0 47.44 6 29.53 40
1 39.69 6 2.534 -11
2 70.93 6 16.87 -9.89
371
0 47.44 6 29.53 40
1 39.86 6 2.5 -11
2 71.1 6 16.84 -9.89
372
0 47.44 6 29.53 40
1 40.03 6 2.467 -11
2 71.28 6 16.81 -9.89
373
0 47.44 6 29.53 40
1 40.21 6 2.433 -11
2 71.45 6 16.78 -9.89
374
0 47.44 6 29.53 40
1 40.38 6 2.399 -11
2 71.62 6 16.75 -9.89
375
0 47.44 6 29.53 40
1 40.55 6 2.366 -11
2 71.8 6 16.72 -9.89
376
0 47.44 6 29.53 40
1 40.72 6 2.332 -11
2 71.97 6 16.69 -9.89
377
0 47.44 6 29.53 40
1 40.9 6 2.298 -11
2 72.14 6 16.66 -9.89
378
0 47.44 6 29.53 40
1 41.07 6 2.265 -11
2 72.32 6 16.63 -9.89
379
0 47.44 6 29.53 40
1 41.24 6 2.231 -11
2 72.49 6 16.6 -9.89
380
0 47.44 6 29.53 40
1 41.41 6 2.197 -11
2 72.66 6 16.57 -9.89
381
0 47.44 6 29.53 40
1 41.59 6 2.164 -11
2 72.84 6 16.54 -9.89
382
0 47.44 6 29.53 40
1 41.76 6 2.13 -11
2 73.01 6 16.51 -9.89
383
0 47.44 6 29.53 40
1 41.93 6 2.096 -11
2 73.18 6 16.47 -9.89
384
0 47.44 6 29.53 40
1 42.11 6 2.062 -11
2 73.36 6 16.44 -9.89
385
0 47.44 6 29.53 40
1 42.28 6 2.029 -11
2 73.53 6 16.41 -9.89
386
0 47.44 6 29.53 40
1 42.45 6 1.995 -11
2 73.7 6 16.38 -9.89
387
0 47.44 6 29.53 40
1 42.62 6 1.961 -11
2 73.88 6 16.35 -9.89
388
0 47.44 6 29.53 40
1 42.8 6 1.928 -11
2 74.05 6 16.32 -9.89
389
0 47.44 6 29.53 40
1 42.97 6 1.894 -11
2 74.22 6 16.29 -9.89
390
0 47.44 6 29.53 40
1 43.14 6 1.86 -11
2 74.4 6 16.26 -9.89
391
0 47.44 6 29.53 40
1 43.31 6 1.827 -11
2 74.57 6 16.23 -9.89
392
0 47.44 6 29.53 40
1 43.49 6 1.793 -11
2 74.74 6 16.2 -9.89
393
0 47.44 6 29.53 40
1 43.66 6 1.759 -11
2 74.92 6 16.17 -9.89
394
0 47.44 6 29.53 40
1 43.83 6 1.726 -11
2 75.09 6 16.14 -9.89
395
0 47.44 6 29.53 40
1 44 6 1.692 -11
2 75.26 6 16.11 -9.89
396
0 47.44 6 29.53 40
1 44.18 6 1.658 -11
2 75.44 6 16.08 -9.89
397
0 47.44 6 29.53 40
1 44.35 6 1.624 -11
2 75.61 6 16.05 -9.89
398
0 47.44 6 29.53 40
1 44.35 6 1.624 -11
2 75.78 6 16.02 -9.89
399
0 47.44 6 29.53 40
1 44.35 6 1.624 -11
2 75.96 6 15.99 -9.89
400
0 47.44 6 29.53 40
1 44.41 6 1.613 64.3
2 76.13 6 15.96 -9.89
401
0 47.44 6 29.53 40
1 44.48 6 1.603 64.1
2 76.3 6 15.93 -9.89
402
0 47.44 6 29.53 40
1 44.54 6 1.593 64
2 76.48 6 15.9 -9.89
403
0 47.44 6 29.53 40
1 44.6 6 1.586 63.8
2 76.65 6 15.87 -9.89
404
0 47.44 6 29.53 40
1 44.67 6 1.579 63.5
2 76.82 6 15.84 -9.89
405
0 47.44 6 29.53 40
1 44.74 6 1.574 63.3
2 77 6 15.81 -9.89
406
0 47.44 6 29.53 40
1 44.81 6 1.57 63.1
2 77.17 6 15.78 -9.89
407
0 47.44 6 29.53 40
1 44.88 6 1.567 62.8
2 77.34 6 15.75 -9.89
408
0 47.44 6 29.53 40
1 44.95 6 1.566 62.5
2 77.52 6 15.72 -9.89
409
0 47.44 6 29.53 40
1 45.02 6 1.566 62.1
2 77.69 6 15.69 -9.89
410
0 47.44 6 29.53 40
1 45.09 6 1.568 61.8
2 77.86 6 15.66 -9.89
411
0 47.44 6 29.53 40
1 45.17 6 1.572 61.4
2 78.04 6 15.63 -9.89
412
0 47.44 6 29.53 40
1 45.24 6 1.577 61
2 78.21 6 15.6 -9.89
413
0 47.44 6 29.53 40
1 45.32 6 1.584 60.5
2 78.38 6 15.57 -9.89
414
0 47.44 6 29.53 40
1 45.4 6 1.593 60
2 78.56 6 15.54 -9.89
415
0 47.44 6 29.53 40
1 45.48 6 1.604 59.5
2 78.73 6 15.51 -9.89
416
0 47.44 6 29.53 40
1 45.57 6 1.617 58.9
2 78.9 6 15.48 -9.89
417
0 47.44 6 29.53 40
1 45.65 6 1.632 58.3
2 79.08 6 15.45 -9.89
418
0 47.44 6 29.53 40
1 45.74 6 1.649 57.6
2 79.25 6 15.42 -9.89
419
0 47.44 6 29.53 40
1 45.83 6 1.669 56.9
2 79.42 6 15.39 -9.89
420
0 47.44 6 29.53 40
1 45.92 6 1.691 56.1
2 79.6 6 15.36 -9.89
421
0 47.44 6 29.53 40
1 46.02 6 1.716 55.2
2 79.77 6 15.33 -9.89
422
0 47.44 6 29.53 40
1 46.12 6 1.744 54.3
2 79.77 6 15.33 -9.89
423
0 47.44 6 29.53 40
1 46.22 6 1.775 53.3
2 79.77 6 15.33 -9.89
424
0 47.44 6 29.53 40
1 46.32 6 1.809 52.2
2 79.77 6 15.33 -9.89
425
0 47.44 6 29.53 40
1 46.43 6 1.846 51.1
2 79.77 6 15.33 -9.89
426
0 47.44 6 29.53 40
1 46.54 6 1.887 49.8
2 79.77 6 15.33 -9.89
427
0 47.44 6 29.53 40
1 46.65 6 1.932 48.5
2 79.77 6 15.33 -9.89
428
0 47.44 6 29.53 40
1 46.77 6 1.98 47
2 79.77 6 15.33 -9.89
429
0 47.44 6 29.53 40
1 46.9 6 2.033 45.4
2 79.77 6 15.33 -9.89
430
0 47.44 6 29.53 40
1 47.02 6 2.089 43.7
2 79.77 6 15.33 -9.89
431
0 47.44 6 29.53 40
1 47.16 6 2.15 41.9
2 79.77 6 15.33 -9.89
432
0 47.44 6 29.53 40
1 47.29 6 2.215 40
2 79.77 6 15.33 -9.89
433
0 47.44 6 29.53 40
1 47.44 6 2.284 37.9
2 79.77 6 15.33 -9.89
434
0 47.44 6 29.53 40
1 47.59 6 2.357 35.7
2 79.77 6 15.33 -9.89
435
0 47.44 6 29.53 40
1 47.74 6 2.434 33.4
2 79.77 6 15.33 -9.89
436
0 47.44 6 29.53 40
1 47.9 6 2.516 31
2 79.77 6 15.33 -9.89
437
0 47.44 6 29.53 40
1 48.07 6 2.601 28.4
2 79.77 6 15.33 -9.89
438
0 47.44 6 29.53 40
1 48.24 6 2.689 25.7
2 79.77 6 15.33 -9.89
439
0 47.44 6 29.53 40
1 48.42 6 2.78 22.9
2 79.77 6 15.33 -9.89
440
0 47.44 6 29.53 40
1 48.6 6 2.873 20.1
2 79.77 6 15.33 -9.89
441
0 47.44 6 29.53 40
1 48.79 6 2.968 17.2
2 79.77 6 15.33 -9.89
442
0 47.44 6 29.53 40
1 48.99 6 3.063 14.2
2 79.77 6 15.33 -9.89
443
0 47.44 6 29.53 40
1 49.2 6 3.158 11.2
2 79.77 6 15.33 -9.89
444
0 47.44 6 29.53 40
1 49.41 6 3.252 8.25
2 79.77 6 15.33 -9.89
445
0 47.44 6 29.53 40
1 49.62 6 3.343 5.27
2 79.77 6 15.33 -9.89
446
0 47.44 6 29.53 40
1 49.85 6 3.432 2.32
2 79.77 6 15.33 -9.89
447
0 47.44 6 29.53 40
1 50.07 6 3.516 2.32
2 79.77 6 15.33 -9.89
448
0 47.44 6 29.53 40
1 50.3 6 3.595 2.32
2 79.77 6 15.33 -9.89
449
0 47.44 6 29.53 40
1 50.53 6 3.669 2.32
2 79.77 6 15.33 -9.89
450
0 47.44 6 29.53 40
1 50.76 6 3.738 2.32
2 79.77 6 15.33 -9.89
451
0 47.44 6 29.53 40
1 50.99 6 3.803 2.32
2 79.77 6 15.33 -9.89
452
0 47.44 6 29.53 40
1 51.22 6 3.864 2.32
2 79.77 6 15.33 -9.89
453
0 47.44 6 29.53 40
1 51.45 6 3.92 2.32
2 79.77 6 15.33 -9.89
454
0 47.44 6 29.53 40
1 51.69 6 3.973 2.32
2 79.77 6 15.33 -9.89
455
0 47.44 6 29.53 40
1 51.92 6 4.023 2.32
2 79.77 6 15.33 -9.89
456
0 47.44 6 29.53 40
1 52.16 6 4.07 2.32
2 79.77 6 15.33 -9.89
457
0 47.44 6 29.53 40
1 52.39 6 4.113 2.32
2 79.77 6 15.33 -9.89
458
0 47.44 6 29.53 40
1 52.63 6 4.154 2.32
2 79.77 6 15.33 -9.89
459
0 47.44 6 29.53 40
1 52.86 6 4.192 2.32
2 79.77 6 15.33 -9.89
460
0 47.44 6 29.53 40
1 53.1 6 4.228 2.32
2 79.77 6 15.33 -9.89
461
0 47.44 6 29.53 40
1 53.33 6 4.261 2.32
2 79.77 6 15.33 -9.89
462
0 47.44 6 29.53 40
1 53.57 6 4.293 2.32
2 79.77 6 15.33 -9.89
463
0 47.44 6 29.53 40
1 53.8 6 4.322 2.32
2 79.77 6 15.33 -9.89
464
0 47.44 6 29.53 40
1 54.04 6 4.35 2.32
2 79.77 6 15.33 -9.89
465
0 47.44 6 29.53 40
1 54.27 6 4.375 2.32
2 79.77 6 15.33 -9.89
466
0 47.44 6 29.53 40
1 54.51 6 4.399 2.32
2 79.77 6 15.33 -9.89
467
0 47.44 6 29.53 40
1 54.74 6 4.422 2.32
2 79.77 6 15.33 -9.89
468
0 47.44 6 29.53 40
1 54.98 6 4.443 2.32
2 79.77 6 15.33 -9.89
469
0 47.44 6 29.53 40
1 55.21 6 4.463 2.32
2 79.77 6 15.33 -9.89
470
0 47.44 6 29.53 40
1 55.45 6 4.481 2.32
2 79.77 6 15.33 -9.89
471
0 47.44 6 29.53 40
1 55.68 6 4.499 2.32
2 79.77 6 15.33 -9.89
472
0 47.44 6 29.53 40
1 55.92 6 4.515 2.32
2 79.77 6 15.33 -9.89
473
0 47.44 6 29.53 40
1 56.15 6 4.53 2.32
2 79.77 6 15.33 -9.89
474
0 47.44 6 29.53 40
1 56.39 6 4.544 2.32
2 79.77 6 15.33 -9.89
475
0 47.44 6 29.53 40
1 56.62 6 4.557 2.32
2 79.77 6 15.33 -9.89
476
0 47.44 6 29.53 40
1 56.86 6 4.57 2.32
2 79.77 6 15.33 -9.89
477
0 47.44 6 29.53 40
1 57.09 6 4.582 2.32
2 79.77 6 15.33 -9.89
478
0 47.44 6 29.53 40
1 57.32 6 4.593 2.32
2 79.77 6 15.33 -9.89
479
0 47.44 6 29.53 40
1 57.56 6 4.603 2.32
2 79.77 6 15.33 -9.89
480
0 47.44 6 29.53 40
1 57.79 6 4.612 2.32
2 79.77 6 15.33 -9.89
481
0 47.44 6 29.53 40
1 58.02 6 4.621 2.32
2 79.77 6 15.33 -9.89
482
0 47.44 6 29.53 40
1 58.25 6 4.63 2.32
2 79.77 6 15.33 -9.89
483
0 47.44 6 29.53 40
1 58.49 6 4.638 2.32
2 79.77 6 15.33 -9.89
484
0 47.44 6 29.53 40
1 58.72 6 4.645 2.32
2 79.77 6 15.33 -9.89
485
0 47.44 6 29.53 40
1 58.95 6 4.652 2.32
2 79.77 6 15.33 -9.89
486
0 47.44 6 29.53 40
1 59.18 6 4.659 2.32
2 79.77 6 15.33 -9.89
487
0 47.44 6 29.53 40
1 59.41 6 4.665 2.32
2 79.77 6 15.33 -9.89
488
0 47.44 6 29.53 40
1 59.64 6 4.67 2.32
2 79.77 6 15.33 -9.89
489
0 47.44 6 29.53 40
1 59.87 6 4.676 2.32
2 79.77 6 15.33 -9.89
490
0 47.44 6 29.53 40
1 60.1 6 4.681 2.32
2 79.77 6 15.33 -9.89
491
0 47.44 6 29.53 40
1 60.33 6 4.685 2.32
2 79.77 6 15.33 -9.89
492
0 47.44 6 29.53 40
1 60.56 6 4.69 2.32
2 79.77 6 15.33 -9.89
493
0 47.44 6 29.53 40
1 60.79 6 4.694 2.32
2 79.77 6 15.33 -9.89
494
0 47.44 6 29.53 40
1 61.02 6 4.698 2.32
2 79.77 6 15.33 -9.89
495
0 47.44 6 29.53 40
1 61.25 6 4.701 2.32
2 79.77 6 15.33 -9.89
496
0 47.44 6 29.53 40
1 61.48 6 4.705 2.32
2 79.77 6 15.33 -9.89
497
0 47.44 6 29.53 40
1 61.71 6 4.708 2.32
2 79.77 6 15.33 -9.89
498
0 47.44 6 29.53 40
1 61.93 6 4.711 2.32
2 79.77 6 15.33 -9.89
499
0 47.44 6 29.53 40
1 62.16 6 4.714 2.32
2 79.77 6 15.33 -9.89
500
0 47.44 6 29.53 40
1 62.39 6 4.717 2.32
2 79.77 6 15.33 -9.89
501
0 47.44 6 29.53 40
1 62.61 6 4.719 2.32
2 79.77 6 15.33 -9.89
502
0 47.44 6 29.53 40
1 62.84 6 4.721 2.32
2 79.77 6 15.33 -9.89
503
0 47.44 6 29.53 40
1 63.06 6 4.723 2.32
2 79.77 6 15.33 -9.89
504
0 47.44 6 29.53 40
1 63.29 6 4.726 2.32
2 79.77 6 15.33 -9.89
505
0 47.44 6 29.53 40
1 63.45 6 4.726 2.32
2 79.77 6 15.33 -9.89
506
0 47.44 6 29.53 40
1 63.61 6 4.726 2.32
2 79.77 6 15.33 -9.89
507
0 47.44 6 29.53 40
1 63.76 6 4.726 2.32
2 79.77 6 15.33 -9.89
508
0 47.44 6 29.53 40
1 63.92 6 4.726 2.32
2 79.77 6 15.33 -9.89
509
0 47.44 6 29.53 40
1 64.08 6 4.726 2.32
2 79.77 6 15.33 -9.89
510
0 47.44 6 29.53 40
1 64.24 6 4.726 2.32
2 79.77 6 15.33 -9.89
511
0 47.44 6 29.53 40
1 64.39 6 4.726 2.32
2 79.77 6 15.33 -9.89
512
0 47.44 6 29.53 40
1 64.55 6 4.726 2.32
2 79.77 6 15.33 -9.89
513
0 47.44 6 29.53 40
1 64.7 6 4.726 2.32
2 79.77 6 15.33 -9.89
514
0 47.44 6 29.53 40
1 64.86 6 4.726 2.32
2 79.77 6 15.33 -9.89
515
0 47.44 6 29.53 40
1 65.02 6 4.726 2.32
2 79.77 6 15.33 -9.89
516
0 47.44 6 29.53 40
1 65.17 6 4.726 2.32
2 79.77 6 15.33 -9.89
517
0 47.44 6 29.53 40
1 65.33 6 4.726 2.32
2 79.77 6 15.33 -9.89
518
0 47.44 6 29.53 40
1 65.48 6 4.726 2.32
2 79.77 6 15.33 -9.89
519
0 47.44 6 29.53 40
1 65.64 6 4.726 2.32
2 79.77 6 15.33 -9.89
520
0 47.44 6 29.53 40
1 65.79 6 4.726 2.32
2 79.77 6 15.33 -9.89
521
0 47.44 6 29.53 40
1 65.95 6 4.726 2.32
2 79.77 6 15.33 -9.89
522
0 47.44 6 29.53 40
1 66.1 6 4.726 2.32
2 79.77 6 15.33 -9.89
523
0 47.44 6 29.53 40
1 66.25 6 4.726 2.32
2 79.77 6 15.33 -9.89
524
0 47.44 6 29.53 40
1 66.41 6 4.726 2.32
2 79.77 6 15.33 -9.89
525
0 47.44 6 29.53 40
1 66.56 6 4.726 2.32
2 79.77 6 15.33 -9.89
526
0 47.44 6 29.53 40
1 66.71 6 4.726 2.32
2 79.77 6 15.33 -9.89
527
0 47.44 6 29.53 40
1 66.87 6 4.726 2.32
2 79.77 6 15.33 -9.89
528
0 47.44 6 29.53 40
1 67.02 6 4.726 2.32
2 79.77 6 15.33 -9.89
529
0 47.44 6 29.53 40
1 67.17 6 4.726 2.32
2 79.77 6 15.33 -9.89
530
0 47.44 6 29.53 40
1 67.32 6 4.726 2.32
2 79.77 6 15.33 -9.89
531
0 47.44 6 29.53 40
1 67.47 6 4.726 2.32
2 79.77 6 15.33 -9.89
532
0 47.44 6 29.53 40
1 67.63 6 4.726 2.32
2 79.77 6 15.33 -9.89
533
0 47.44 6 29.53 40
1 67.78 6 4.726 2.32
2 79.77 6 15.33 -9.89
534
0 47.44 6 29.53 40
1 67.93 6 4.726 2.32
2 79.77 6 15.33 -9.89
535
0 47.44 6 29.53 40
1 68.08 6 4.726 2.32
2 79.77 6 15.33 -9.89
536
0 47.44 6 29.53 40
1 68.23 6 4.726 2.32
2 79.77 6 15.33 -9.89
537
0 47.44 6 29.53 40
1 68.38 6 4.726 2.32
2 79.77 6 15.33 -9.89
538
0 47.44 6 29.53 40
1 68.53 6 4.726 2.32
2 79.77 6 15.33 -9.89
539
0 47.44 6 29.53 40
1 68.68 6 4.726 2.32
2 79.77 6 15.33 -9.89
540
0 47.44 6 29.53 40
1 68.82 6 4.726 2.32
2 79.77 6 15.33 -9.89
541
0 47.44 6 29.53 40
1 68.97 6 4.726 2.32
2 79.77 6 15.33 -9.89
542
0 47.44 6 29.53 40
1 69.12 6 4.726 2.32
2 79.77 6 15.33 -9.89
543
0 47.44 6 29.53 40
1 69.27 6 4.726 2.32
2 79.77 6 15.33 -9.89
544
0 47.44 6 29.53 40
1 69.41 6 4.726 2.32
2 79.77 6 15.33 -9.89
545
0 47.44 6 29.53 40
1 69.56 6 4.726 2.32
2 79.77 6 15.33 -9.89
546
0 47.44 6 29.53 40
1 69.71 6 4.726 2.32
2 79.77 6 15.33 -9.89
547
0 47.44 6 29.53 40
1 69.85 6 4.726 2.32
2 79.77 6 15.33 -9.89
548
0 47.44 6 29.53 40
1 70 6 4.726 2.32
2 79.77 6 15.33 -9.89
549
0 47.44 6 29.53 40
1 70.14 6 4.726 2.32
2 79.77 6 15.33 -9.89
550
0 47.44 6 29.53 40
1 70.29 6 4.726 2.32
2 79.77 6 15.33 -9.89
551
0 47.44 6 29.53 40
1 70.43 6 4.726 2.32
2 79.77 6 15.33 -9.89
552
0 47.44 6 29.53 40
1 70.58 6 4.726 2.32
2 79.77 6 15.33 -9.89
553
0 47.44 6 29.53 40
1 70.72 6 4.726 2.32
2 79.77 6 15.33 -9.89
554
0 47.44 6 29.53 40
1 70.86 6 4.726 2.32
2 79.77 6 15.33 -9.89
555
0 47.44 6 29.53 40
1 71 6 4.726 2.32
2 79.77 6 15.33 -9.89
556
0 47.44 6 29.53 40
1 71.15 6 4.726 2.32
2 79.77 6 15.33 -9.89
557
0 47.44 6 29.53 40
1 71.29 6 4.726 2.32
2 79.77 6 15.33 -9.89
558
0 47.44 6 29.53 40
1 71.43 6 4.726 2.32
2 79.77 6 15.33 -9.89
559
0 47.44 6 29.53 40
1 71.57 6 4.726 2.32
2 79.77 6 15.33 -9.89
560
0 47.44 6 29.53 40
1 71.71 6 4.726 2.32
2 79.77 6 15.33 -9.89
561
0 47.44 6 29.53 40
1 71.85 6 4.726 2.32
2 79.77 6 15.33 -9.89
562
0 47.44 6 29.53 40
1 71.99 6 4.726 2.32
2 79.77 6 15.33 -9.89
563
0 47.44 6 29.53 40
1 72.13 6 4.726 2.32
2 79.77 6 15.33 -9.89
564
0 47.44 6 29.53 40
1 72.27 6 4.726 2.32
2 79.77 6 15.33 -9.89
565
0 47.44 6 29.53 40
1 72.4 6 4.726 2.32
2 79.77 6 15.33 -9.89
566
0 47.44 6 29.53 40
1 72.54 6 4.726 2.32
2 79.77 6 15.33 -9.89
567
0 47.44 6 29.53 40
1 72.68 6 4.726 2.32
2 79.77 6 15.33 -9.89
568
0 47.44 6 29.53 40
1 72.81 6 4.726 2.32
2 79.77 6 15.33 -9.89
569
0 47.44 6 29.53 40
1 72.95 6 4.726 2.32
2 79.77 6 15.33 -9.89
570
0 47.44 6 29.53 40
1 73.08 6 4.726 2.32
2 79.77 6 15.33 -9.89
571
0 47.44 6 29.53 40
1 73.22 6 4.726 2.32
2 79.77 6 15.33 -9.89
572
0 47.44 6 29.53 40
1 73.35 6 4.726 2.32
2 79.77 6 15.33 -9.89
573
0 47.44 6 29.53 40
1 73.49 6 4.726 2.32
2 79.77 6 15.33 -9.89
574
0 47.44 6 29.53 40
1 73.62 6 4.726 2.32
2 79.77 6 15.33 -9.89
575
0 47.44 6 29.53 40
1 73.75 6 4.726 2.32
2 79.77 6 15.33 -9.89
576
0 47.44 6 29.53 40
1 73.88 6 4.726 2.32
2 79.77 6 15.33 -9.89
577
0 47.44 6 29.53 40
1 74.01 6 4.726 2.32
2 79.77 6 15.33 -9.89
578
0 47.44 6 29.53 40
1 74.14 6 4.726 2.32
2 79.77 6 15.33 -9.89
579
0 47.44 6 29.53 40
1 74.27 6 4.726 2.32
2 79.77 6 15.33 -9.89
580
0 47.44 6 29.53 40
1 74.4 6 4.726 2.32
2 79.77 6 15.33 -9.89
581
0 47.44 6 29.53 40
1 74.53 6 4.726 2.32
2 79.77 6 15.33 -9.89
582
0 47.44 6 29.53 40
1 74.66 6 4.726 2.32
2 79.77 6 15.33 -9.89
583
0 47.44 6 29.53 40
1 74.79 6 4.726 2.32
2 79.77 6 15.33 -9.89
584
0 47.44 6 29.53 40
1 74.91 6 4.726 2.32
2 79.77 6 15.33 -9.89
585
0 47.44 6 29.53 40
1 75.04 6 4.726 2.32
2 79.77 6 15.33 -9.89
586
0 47.44 6 29.53 40
1 75.16 6 4.726 2.32
2 79.77 6 15.33 -9.89
587
0 47.44 6 29.53 40
1 75.29 6 4.726 2.32
2 79.77 6 15.33 -9.89
588
0 47.44 6 29.53 40
1 75.41 6 4.726 2.32
2 79.77 6 15.33 -9.89
589
0 47.44 6 29.53 40
1 75.53 6 4.726 2.32
2 79.77 6 15.33 -9.89
590
0 47.44 6 29.53 40
1 75.66 6 4.726 2.32
2 79.77 6 15.33 -9.89
591
0 47.44 6 29.53 40
1 75.78 6 4.726 2.32
2 79.77 6 15.33 -9.89
592
0 47.44 6 29.53 40
1 75.9 6 4.726 2.32
2 79.77 6 15.33 -9.89
593
0 47.44 6 29.53 40
1 76.02 6 4.726 2.32
2 79.77 6 15.33 -9.89
594
0 47.44 6 29.53 40
1 76.14 6 4.726 2.32
2 79.77 6 15.33 -9.89
595
0 47.44 6 29.53 40
1 76.26 6 4.726 2.32
2 79.77 6 15.33 -9.89
596
0 47.44 6 29.53 40
1 76.38 6 4.726 2.32
2 79.77 6 15.33 -9.89
597
0 47.44 6 29.53 40
1 76.54 6 4.726 -0.755
2 79.77 6 15.33 -9.89
598
0 47.44 6 29.53 40
1 76.72 6 4.725 -2.45
2 79.77 6 15.33 -9.89
599
0 47.44 6 29.53 40
1 76.89 6 4.725 -4.17
2 79.77 6 15.33 -9.89
600
0 47.44 6 29.53 40
1 77.07 6 4.724 -5.93
2 79.77 6 15.33 -9.89
601
0 47.44 6 29.53 40
1 77.26 6 4.721 -7.71
2 79.77 6 15.33 -9.89
602
0 47.44 6 29.53 40
1 77.45 6 4.718 -9.51
2 79.77 6 15.33 -9.89
603
0 47.44 6 29.53 40
1 77.64 6 4.713 -11.3
2 79.77 6 15.33 -9.89
604
0 47.44 6 29.53 40
1 77.83 6 4.705 -13.2
2 79.77 6 15.33 -9.89
605
0 47.44 6 29.53 40
1 78.03 6 4.696 -15
2 79.77 6 15.33 -9.89
606
0 47.44 6 29.53 40
1 78.23 6 4.684 -16.9
2 79.77 6 15.33 -9.89
607
0 47.44 6 29.53 40
1 78.44 6 4.669 -18.8
2 79.77 6 15.33 -9.89
608
0 47.44 6 29.53 40
1 78.64 6 4.651 -20.7
2 79.77 6 15.33 -9.89
609
0 47.44 6 29.53 40
1 78.89 6 4.62 -55.1
2 79.77 6 15.33 -9.89
610
0 47.44 6 29.53 40
1 79.14 6 4.575 -55.9
2 79.77 6 15.33 -9.89
611
0 47.44 6 29.53 40
1 79.38 6 4.516 -56.6
2 79.77 6 15.33 -9.89
612
0 47.44 6 29.53 40
1 79.62 6 4.444 -57.4
2 79.77 6 15.33 -9.89
613
0 47.44 6 29.53 40
1 79.86 6 4.36 -58.1
2 79.77 6 15.33 -9.89
614
0 47.44 6 29.53 40
1 80.09 6 4.264 -58.8
2 79.77 6 15.33 -9.89
615
0 47.44 6 29.53 40
1 80.31 6 4.158 -59.4
2 79.77 6 15.33 -9.89
616
0 47.44 6 29.53 40
1 80.53 6 4.042 -60.1
2 79.77 6 15.33 -9.89
617
0 47.44 6 29.53 40
1 80.75 6 3.917 -60.7
2 79.77 6 15.33 -9.89
618
0 47.44 6 29.53 40
1 80.96 6 3.784 -61.3
2 79.77 6 15.33 -9.89
619
0 47.44 6 29.53 40
1 81.17 6 3.644 -61.9
2 79.77 6 15.33 -9.89
620
0 47.44 6 29.53 40
1 81.37 6 3.497 -62.5
2 79.77 6 15.33 -9.89
621
0 47.44 6 29.53 40
1 81.57 6 3.343 -63.1
2 79.77 6 15.33 -9.89
622
0 47.44 6 29.53 40
1 81.76 6 3.184 -63.6
2 79.77 6 15.33 -9.89
623
0 47.44 6 29.53 40
1 81.95 6 3.019 -64.2
2 79.77 6 15.33 -9.89
624
0 47.44 6 29.53 40
1 82.13 6 2.849 -64.7
2 79.77 6 15.33 -9.89
625
0 47.44 6 29.53 40
1 82.31 6 2.674 -65.2
2 79.77 6 15.33 -9.89
626
0 47.44 6 29.53 40
1 82.49 6 2.495 -65.7
2 79.77 6 15.33 -9.89
627
0 47.44 6 29.53 40
1 82.66 6 2.312 -66.2
2 79.77 6 15.33 -9.89
628
0 47.44 6 29.53 40
1 82.82 6 2.125 -66.7
2 79.77 6 15.33 -9.89
629
0 47.44 6 29.53 40
1 82.98 6 1.935 -67.1
2 79.77 6 15.33 -9.89
630
0 47.44 6 29.53 40
1 83.14 6 1.741 -67.6
2 79.77 6 15.33 -9.89
631
0 47.44 6 29.53 40
1 83.3 6 1.544 -68.1
2 79.77 6 15.33 -9.89
632
0 47.44 6 29.53 40
1 83.45 6 1.344 -68.5
2 79.77 6 15.33 -9.89
633
0 47.44 6 29.53 40
1 83.59 6 1.142 -69
2 79.77 6 15.33 -9.89
634
0 47.44 6 29.53 40
1 83.74 6 0.9367 -69.4
2 79.77 6 15.33 -9.89
635
0 47.44 6 29.53 40
1 83.88 6 0.7292 -69.9
2 79.77 6 15.33 -9.89
636
0 47.44 6 29.53 40
1 84.01 6 0.5195 -70.3
2 79.77 6 15.33 -9.89
637
0 47.44 6 29.53 40
1 84.14 6 0.3077 -70.7
2 79.77 6 15.33 -9.89
638
0 47.44 6 29.53 40
1 84.27 6 0.09395 -71.2
2 79.77 6 15.33 -9.89
639
0 47.44 6 29.53 40
1 84.4 6 -0.1217 -71.6
2 79.77 6 15.33 -9.89
640
0 47.44 6 29.53 40
1 84.52 6 -0.3391 -72
2 79.77 6 15.33 -9.89
641
0 47.44 6 29.53 40
1 84.64 6 -0.5582 -72.5
2 79.77 6 15.33 -9.89
642
0 47.44 6 29.53 40
1 84.76 6 -0.7789 -72.9
2 79.77 6 15.33 -9.89
643
0 47.44 6 29.53 40
1 84.88 6 -1.001 -73.4
2 79.77 6 15.33 -9.89
644
0 47.44 6 29.53 40
1 84.99 6 -1.225 -73.8
2 79.77 6 15.33 -9.89
645
0 47.44 6 29.53 40
1 85.1 6 -1.45 -74.3
2 79.77 6 15.33 -9.89
646
0 47.44 6 29.53 40
1 85.2 6 -1.676 -74.8
2 79.77 6 15.33 -9.89
647
0 47.44 6 29.53 40
1 85.31 6 -1.903 -75.2
2 79.77 6 15.33 -9.89
648
0 47.44 6 29.53 40
1 85.41 6 -2.132 -75.7
2 79.77 6 15.33 -9.89
649
0 47.44 6 29.53 40
1 85.51 6 -2.362 -76.3
2 79.77 6 15.33 -9.89
650
0 47.44 6 29.53 40
1 85.6 6 -2.593 -76.8
2 79.77 6 15.33 -9.89
651
0 47.44 6 29.53 40
1 85.7 6 -2.825 -77.4
2 79.77 6 15.33 -9.89
652
0 47.44 6 29.53 40
1 85.79 6 -3.058 -78
2 79.77 6 15.33 -9.89
653
0 47.44 6 29.53 40
1 85.87 6 -3.292 -78.6
2 79.77 6 15.33 -9.89
654
0 47.44 6 29.53 40
1 85.96 6 -3.527 -79.3
2 79.77 6 15.33 -9.89
655
0 47.44 6 29.53 40
1 86.04 6 -3.762 -80
2 79.77 6 15.33 -9.89
656
0 47.44 6 29.53 40
1 86.12 6 -3.999 -80.8
2 79.77 6 15.33 -9.89
657
0 47.44 6 29.53 40
1 86.2 6 -4.237 -81.7
2 79.77 6 15.33 -9.89
658
0 47.44 6 29.53 40
1 86.27 6 -4.476 -82.8
2 79.77 6 15.33 -9.89
659
0 47.44 6 29.53 40
1 86.35 6 -4.715 -83.9
2 79.77 6 15.33 -9.89
660
0 47.44 6 29.53 40
1 86.42 6 -4.955 -85.3
2 79.77 6 15.33 -9.89
661
0 47.44 6 29.53 40
1 86.48 6 -5.197 -87
2 79.77 6 15.33 -9.89
662
0 47.44 6 29.53 40
1 86.54 6 -5.439 -89.2
2 79.77 6 15.33 -9.89
663
0 47.44 6 29.53 40
1 86.6 6 -5.682 -92.1
2 79.77 6 15.33 -9.89
664
0 47.44 6 29.53 40
1 86.65 6 -5.927 -92.1
2 79.77 6 15.33 -9.89
665
0 47.44 6 29.53 40
1 86.65 6 -5.927 -92.1
2 79.77 6 15.33 -9.89
