5.000 35.300 5.420
7.321 35.300 5.420577460098458
7.873 35.300 -26.20011197188898
8.535 35.04 -34.59228702284781 
9.051 35.058 -33.23170512651943 
10.008 34.458 -36.70285236600031 
11.199 33.792 -37.51911078565763 
12.471 33.147 -39.17365690419076 
13.535 32.572 -41.531763498232415 
15.019 32.072 -41.56636954995818 
16.017 31.519 -43.84266451016422 
16.812 31.409 -42.049219092970816 
17.853 30.394 -41.49646377902785
19.237 29.417 -41.49646377902785 
20.356 28.759 -46.169144385847346 
21.716 28.216 -47.89126898416347 
23.192 27.791 -50.35582295294212 
24.232 26.915 -50.826340016389665 
25.925 26.542 -53.29714263744051 
26.852 25.614 -53.049064400749685 
29.311 25.695 -57.77873426191446 
30.614 24.719 -54.84113262517511
32.251 24.182 -56.65029785601714 
33.451 23.377 -54.84113262517511 
34.403 22.809 -57.77873426191446 
36.232 22.573 -60.792403600465285 
37.791 22.525 -60.70864085886857 
38.016 21.858 -60.00491928399769 
39.665 21.714 -62.70042906403738 
40.553 21.292 -63.987621705492366 
41.389 21.069 -61.80868848905346 
42.322 21.084 -65.03101301457261
43.759 20.902 -63.987621705492366 
45.352 20.599 -63.25189789811562 
47.12 20.11 -63.61569185302293 
49.283 19.678 -65.42233221667374 
50.781 19.507 -63.799886034671985 
52.674 18.97 -63.257563487583965 
53.946 18.647 -63.43494916594615 
55.921 18.673 -64.8851644320881
57.125 18.48 -67.12633421067815 
59.559 18.491 -68.96248733918172 
59.952 18.272 -68.12084819239281 
61.424 18.284 -67.44275421056183 
62.529 18.3 -69.98123814068452 
63.888 18.168 -69.734301812802 
64.496 18.135 -70.23282979820135 
66.806 18.192 -69.44395413189278 
68.661 18.098 -67.24902173308861 
69.681 17.821 -67.5741373068996
72.152 17.715 -66.12471998401918 
72.987 17.438 -64.77607852168491 
74.912 17.182 -64.98310386545104 
77.021 16.96 -62.46392705425239 
78.893 16.543 -62.46392705425239 
80.44 16.325 -62.056965163908934 
80.47 16.091 -60.42216099966729 
80.50 15.200 -60.422
