-24.200 15.000 175.100
-18.694 13.947 175.100
-17.579 13.815 177.939
-16.158 13.747 180 
-14.451 13.677 178.7637
-12.94 13.538 178.3635
-11.303 13.26 178.3635
-9.608 12.985 177.0750
-7.058 12.569 177.5104
-5.509 12.198 176.5834
-3.324 11.805 176.2953
-1.422 11.251 176.2953
0.094 10.86 -175.794622
2.471 10.484 -178.36350
3.868 10.368 -177.47400
5.648 10.158 -177.11703
7.236 10.0 -175.8553688
8.983 9.801 -177.510449
10.232 9.583 -175.85536
12.119 9.457 -175.40948
13.656 9.142 -175.85536
15.449 8.825 -175.53919
17.008 8.635 -177.11703
17.245 8.723 -175.47523
17.808 8.592 -177.90977
19.318 8.268 -177.47400
20.897 7.982 -178.36350
22.196 7.912 180 
23.014 7.773 180 
23.68 7.774 178.3397567
25.317 7.641 176.729540
26.148 7.658 176.347784
27.551 7.657 175.971775
29.058 7.653 175.971775
30.394 7.58 175.1008698
31.91 7.523 173.4802207
32.836 7.594 172.775717
35.208 7.611 170.272452
36.448 7.738 171.753687
37.66 7.86 171.06943378
38.66 8.011 171.7536878
41.358 8.05 172.3255255
43.848 8.112 173.927557
45.332 8.203 176.398695
47.138 8.205 176.775477
49.141 8.199 176.729540
50.706 8.126 176.820230
52.423 8.128 177.580463
53.667 8.055 178.408853
56.145 7.825 -180
57.03 7.706 -179.599437
58.912 7.57 -180
59.857 7.587 -179.20426
61.641 7.431 -180
63.052 7.355 -179.593136
64.101 7.45 -178.798129
65.129 7.457 -177.96914
67.315 7.389 -177.19760
69.199 7.305 -175.97177
69.68 7.33 -172.3255255
71.503 7.123 -170.60457
73.034 6.809 -166.56895
75.219 6.268 -165.66892
75.679 6.105 -163.10627
77.418 5.676 -161.30101
79.885 5.037 -158.96250
81.968 4.221 -154.93253
83.582 2.071 -142.05230
85.26 0.847 -139.085616
86.277 -0.034 -139.7147
86.500 -6.600 -139.71
