-1.50 -17.800 96.906
0.971 -17.788 95.906
3.174 -14.016 119.99
4.057 -12.929 124.24
7.986 -6.544 128.774
8.027 -7.433 122.471
9.126 -5.751 124.242
9.523 -5.133 124.135
9.992 -4.522 124.027
13.928 0.185 141.911
14.749 0.705 143.615
16.399 1.682 150.554
17.756 2.237 152.553
18.337 2.61 149.0362
23.04 7.214 128.3547
24.406 8.334 128.844
28.15 12.39 125.9097
29.958 14.175 128.29
31.417 15.905 133.36
32.936 17.121 131.69
35.287 19.119 135.55
37.225 20.58 138.814
37.974 21.242 137.16
39.348 22.112 138.27
43.285 26.199 134.47
48.000 30.000 134.47
